Task-id	L-id  L-Type	R    Reward(%)
T0001	45	1	1	70
T0002	38	2	1	36
T0003	16	2	1	13
T0004	28	2	1	92
T0005	63	1	1	70
T0006	29	2	1	26
T0007	11	1	1	90
T0008	53	1	1	88
T0009	25	2	1	34
T0010	40	1	0	-43
T0011	10	1	1	31
T0012	20	2	1	19
T0013	27	2	0	-21
T0014	36	2	0	-63
T0015	33	1	1	84
T0016	19	1	1	26
T0017	14	2	0	-55
T0018	26	2	1	12
T0019	18	1	1	92
T0020	25	2	1	36
T0021	48	2	1	42
T0022	47	2	1	61
T0023	24	2	1	83
T0024	6	2	1	14
T0025	49	1	0	-71
T0026	19	0	1	32
T0027	11	1	0	-23
T0028	6	1	1	64
T0029	44	2	1	70
T0030	42	2	0	-40
T0032	10	2	1	14
T0033	12	2	1	68
T0034	42	2	1	96
T0035	9	1	1	15
T0036	49	2	1	89
T0037	47	2	1	20
T0039	2	2	1	40
T0040	49	2	0	69
T0041	7	2	0	87
T0042	29	1	1	50
T0043	44	1	0	35
T0044	2	1	0	78
T0045	16	1	1	95
T0046	37	1	1	59
T0047	27	1	0	57
T0048	36	1	1	33
T0049	45	1	1	10
T0050	14	1	1	96
T0051	16	1	1	17
T0052	38	1	0	93
T0053	23	2	1	15
T0054	46	1	1	91
T0055	12	1	0	-89
T0056	46	1	1	79
T0057	45	2	0	-11
T0058	14	2	1	33
T0059	0	1	1	50
T0060	18	1	0	-70
T0061	43	1	1	53
T0062	21	2	1	48
T0063	7	1	1	51
T0064	28	2	1	38
T0065	2	1	1	71
T0066	42	2	1	67
T0067	17	2	1	73
T0068	32	1	1	48
T0069	12	1	0	-49
T0070	14	2	0	-93
T0071	25	2	1	40
T0072	0	2	0	-86
T0073	9	2	0	-11
T0074	8	2	1	13
T0075	19	1	1	28
T0076	14	2	0	-64
T0077	3	1	1	64
T0078	0	2	1	33
T0079	39	2	1	78
T0080	21	2	1	77
T0081	14	2	0	-82
T0082	27	2	1	48
T0083	19	1	1	86
T0084	4	1	0	-93
T0085	30	2	1	58
T0086	44	2	0	-69
T0087	4	1	1	13
T0088	33	1	1	39
T0089	14	2	0	-56
T0090	19	2	1	76
T0091	15	2	1	70
T0092	12	2	1	96
T0093	15	1	1	15
T0094	17	2	1	68
T0095	30	2	1	32
T0096	27	1	1	20
T0097	4	1	1	95
T0098	4	2	0	-83
T0099	45	1	0	-92
T0100	28	2	1	91
T0101	41	1	0	-85
T0102	7	2	0	-49
T0103	4	2	1	51
T0104	13	2	1	47
T0105	33	1	0	-45
T0106	0	2	1	45
T0107	0	2	1	96
T0108	40	1	1	20
T0109	14	2	1	15
T0110	12	2	0	-12
T0111	39	2	1	46
T0112	20	1	1	24
T0113	5	2	0	-53
T0114	38	2	1	20
T0115	27	2	0	-19
T0116	33	2	1	34
T0117	44	2	1	34
T0118	47	1	0	-50
T0119	5	1	1	79
T0120	11	2	1	61
T0121	43	1	1	21
T0122	21	1	1	29
T0123	14	2	1	48
T0124	17	2	1	16
T0125	6	1	1	20
T0126	45	1	1	20
T0127	34	1	0	-19
T0128	37	1	1	66
T0129	45	1	1	33
T0130	38	1	0	-48
T0131	30	1	0	-52
T0132	32	1	1	98
T0133	37	1	1	22
T0134	47	1	0	-13
T0135	13	2	1	22
T0136	25	1	1	36
T0137	8	1	1	64
T0138	24	1	1	29
T0139	10	2	1	31
T0140	42	1	1	13
T0141	23	2	1	40
T0142	9	2	0	-55
T0143	6	2	1	72
T0144	10	1	0	-39
T0145	29	1	1	29
T0146	46	2	1	71
T0147	45	1	0	-54
T0148	25	2	1	87
T0149	1	2	1	74
T0150	48	1	1	13
T0151	34	1	1	80
T0152	23	1	1	70
T0153	27	1	1	71
T0154	0	2	1	42
T0155	32	2	1	41
T0156	0	1	1	84
T0157	33	1	0	-76
T0158	31	2	0	-81
T0159	28	2	1	93
T0160	10	1	0	-38
T0161	22	2	0	-30
T0162	7	2	1	32
T0163	30	2	1	23
T0164	42	1	0	-43
T0165	15	1	1	89
T0166	16	1	1	68
T0167	28	1	1	78
T0168	23	2	1	72
T0169	16	1	0	-94
T0170	11	1	1	37
T0171	34	2	1	74
T0172	39	2	0	-68
T0173	19	1	1	35
T0174	20	2	0	-22
T0175	16	2	1	74
T0176	0	1	1	46
T0177	5	2	0	-23
T0178	4	1	1	50
T0179	39	2	1	64
T0180	34	2	1	89
T0181	41	1	1	86
T0182	6	1	1	44
T0183	36	1	1	24
T0184	6	1	1	35
T0185	9	2	1	51
T0186	10	1	0	-51
T0187	46	1	0	-12
T0188	9	1	1	74
T0189	35	2	0	-28
T0190	32	1	0	-21
T0191	31	2	1	58
T0192	45	2	1	56
T0193	32	2	0	-18
T0194	29	2	1	37
T0195	2	1	1	57
T0196	4	1	1	57
T0197	3	2	1	94
T0198	32	1	0	-41
T0199	24	1	1	34
T0200	9	1	1	74
T0201	17	2	0	-41
T0202	13	1	1	81
T0203	45	1	0	-36
T0204	28	1	1	73
T0205	1	2	1	31
T0206	45	2	0	-76
T0207	5	2	1	77
T0208	9	2	1	16
T0209	49	1	1	78
T0210	42	2	1	48
T0211	11	2	1	97
T0212	1	1	1	23
T0213	27	1	1	77
T0214	38	2	1	47
T0215	24	1	0	-95
T0216	35	2	0	-69
T0217	20	2	1	32
T0218	19	1	0	-26
T0219	23	1	0	-28
T0220	11	1	1	40
T0221	49	2	1	79
T0222	5	1	0	-48
T0223	11	2	1	76
T0224	21	1	1	45
T0225	46	1	1	92
T0226	3	2	1	94
T0227	36	1	0	-15
T0228	19	1	1	26
T0229	39	1	1	56
T0230	12	1	0	-21
T0231	1	1	1	35
T0232	36	1	0	-52
T0233	7	2	1	56
T0234	30	1	1	82
T0235	29	2	0	-76
T0236	40	1	1	33
T0237	31	1	1	63
T0238	46	2	1	12
T0239	20	1	1	74
T0240	46	1	1	20
T0241	49	2	1	21
T0242	36	2	1	25
T0243	12	2	1	31
T0244	0	1	0	-55
T0245	20	2	1	33
T0246	31	1	1	74
T0247	39	1	0	-37
T0248	39	1	0	-99
T0249	29	1	1	29
T0250	18	2	1	90
T0251	1	2	0	-97
T0252	3	1	1	71
T0253	42	2	1	37
T0254	35	1	1	51
T0255	44	2	1	69
T0256	24	1	1	21
T0257	1	2	1	41
T0258	19	1	1	72
T0259	4	2	0	-53
T0260	49	2	1	73
T0261	28	2	0	-46
T0262	10	2	1	46
T0263	49	1	1	70
T0264	43	1	0	-63
T0265	8	1	1	14
T0266	20	2	1	93
T0267	1	1	1	89
T0268	39	2	1	92
T0269	19	1	1	42
T0270	16	1	1	49
T0271	32	1	1	54
T0272	1	2	1	32
T0273	12	2	1	85
T0274	46	2	0	-62
T0275	22	1	0	-25
T0276	15	2	1	85
T0277	25	2	0	-18
T0278	46	1	0	-30
T0279	41	1	1	80
T0280	5	1	1	75
T0281	30	2	0	-64
T0282	18	2	1	93
T0283	31	1	1	24
T0284	44	2	1	27
T0285	34	1	1	90
T0286	5	2	0	-10
T0287	42	1	1	55
T0288	16	2	1	18
T0289	11	2	0	-28
T0290	18	1	1	79
T0291	32	1	0	-34
T0292	13	2	1	70
T0293	40	2	1	23
T0294	29	2	0	-59
T0295	10	2	1	78
T0296	30	1	1	16
T0297	19	2	1	72
T0298	24	2	1	11
T0299	37	2	1	27
T0300	12	1	1	78
T0301	35	1	1	85
T0302	12	1	1	47
T0303	34	2	0	-18
T0304	11	2	0	-85
T0305	46	1	1	43
T0306	29	2	0	-98
T0307	15	1	0	-10
T0308	44	1	1	73
T0309	45	1	1	40
T0310	42	2	0	-68
T0311	11	2	1	59
T0312	20	2	1	36
T0313	3	2	1	91
T0314	5	2	1	15
T0315	25	2	0	-88
T0316	14	1	1	25
T0317	25	1	1	18
T0318	25	1	0	-85
T0319	24	2	1	68
T0320	34	2	0	-77
T0321	26	2	1	18
T0322	7	1	1	40
T0323	41	2	0	-44
T0324	28	1	1	100
T0325	28	2	1	33
T0326	20	1	1	79
T0327	9	2	1	78
T0328	17	1	1	65
T0329	47	2	1	54
T0330	23	1	1	59
T0331	46	2	1	41
T0332	38	2	0	-43
T0333	12	2	0	-61
T0334	49	2	1	83
T0335	18	1	0	-46
T0336	6	1	0	-43
T0337	1	1	1	96
T0338	24	2	1	94
T0339	19	2	0	-26
T0340	19	2	1	59
T0341	5	1	1	91
T0342	39	1	1	22
T0343	27	1	1	60
T0344	11	2	0	-69
T0345	38	1	1	48
T0346	6	2	1	21
T0347	32	2	0	-64
T0348	5	1	1	93
T0349	8	1	0	-33
T0350	30	1	1	56
T0351	29	2	1	75
T0352	33	2	0	-33
T0353	43	2	1	28
T0354	17	2	1	48
T0355	2	1	1	94
T0356	25	1	1	81
T0357	15	1	1	20
T0358	47	1	1	27
T0359	21	2	1	75
T0360	12	1	1	30
T0361	29	1	0	-96
T0362	2	2	1	44
T0363	28	1	1	66
T0364	13	2	0	-77
T0365	20	2	0	-28
T0366	39	2	1	79
T0367	38	1	1	11
T0368	29	1	0	-13
T0369	26	2	1	54
T0370	18	2	1	30
T0371	30	1	1	34
T0372	26	1	1	88
T0373	16	1	1	94
T0374	47	2	1	11
T0375	5	1	1	97
T0376	8	1	0	-55
T0377	18	2	1	44
T0378	31	2	0	-90
T0379	3	2	1	39
T0380	38	1	1	78
T0381	22	1	0	-24
T0382	49	2	1	51
T0383	28	1	1	52
T0384	12	2	1	71
T0385	20	1	1	67
T0386	31	1	1	43
T0387	17	1	1	49
T0388	35	1	1	26
T0389	45	1	1	63
T0390	46	2	1	39
T0391	5	1	0	-32
T0392	36	2	0	-50
T0393	20	2	1	74
T0394	2	1	0	-81
T0395	16	2	0	-25
T0396	18	1	1	71
T0397	16	2	1	43
T0398	15	2	0	-50
T0399	16	2	1	97
T0400	30	2	1	17
T0401	15	2	1	57
T0402	21	2	1	64
T0403	36	1	0	-68
T0404	23	2	1	23
T0405	22	2	1	41
T0406	43	2	0	-66
T0407	46	2	1	80
T0408	7	1	0	-49
T0409	17	2	1	75
T0410	29	2	1	90
T0411	3	2	0	-69
T0412	31	1	1	52
T0413	34	2	1	32
T0414	1	2	1	24
T0415	19	2	1	90
T0416	40	1	1	68
T0417	16	2	1	89
T0418	44	1	1	58
T0419	46	1	1	90
T0420	48	1	0	-72
T0421	33	2	0	-25
T0422	4	1	1	45
T0423	18	2	0	-61
T0424	43	2	0	-44
T0425	37	1	1	95
T0426	46	2	1	84
T0427	14	2	0	-31
T0428	4	1	1	83
T0429	45	2	1	50
T0430	22	2	1	86
T0431	30	2	1	12
T0432	10	1	0	-54
T0433	40	2	1	66
T0434	30	1	1	87
T0435	10	2	0	-12
T0436	8	1	1	71
T0437	49	2	0	52
T0438	20	1	1	61
T0439	2	1	1	82
T0440	23	1	0	-72
T0441	44	1	1	82
T0442	38	2	1	75
T0443	46	1	1	36
T0444	24	2	1	49
T0445	23	2	1	94
T0446	40	2	1	71
T0447	30	1	1	49
T0448	26	2	1	30
T0449	5	1	0	-93
T0450	32	1	0	-84
T0451	40	1	1	30
T0452	34	2	0	-61
T0453	5	1	0	-29
T0454	43	1	1	82
T0455	22	2	1	72
T0456	46	1	0	-16
T0457	19	1	1	88
T0458	46	2	1	14
T0459	24	2	1	89
T0460	37	2	1	11
T0461	16	1	0	-79
T0462	4	1	1	45
T0463	8	2	1	44
T0464	5	2	0	-60
T0465	32	2	1	93
T0466	25	1	0	-11
T0467	37	1	1	37
T0468	47	1	1	64
T0469	46	1	0	-34
T0470	16	2	1	19
T0471	46	1	1	10
T0472	13	2	1	37
T0473	4	1	1	48
T0474	4	1	1	62
T0475	34	2	1	89
T0476	6	2	1	35
T0477	37	2	1	36
T0478	26	2	0	-92
T0479	44	1	1	11
T0480	42	1	1	56
T0481	8	2	0	-99
T0482	33	2	0	-53
T0483	7	2	1	31
T0484	45	2	1	11
T0485	45	1	0	-25
T0486	33	1	1	59
T0487	30	2	1	73
T0488	32	1	1	63
T0489	32	2	1	58
T0490	12	1	1	30
T0491	2	1	1	46
T0492	15	1	1	13
T0493	49	1	0	-59
T0494	28	1	1	25
T0495	0	2	0	-44
T0496	8	1	1	31
T0497	25	1	1	37
T0498	37	1	0	-18
T0499	24	2	1	58
T0500	13	1	1	90
T0501	5	1	1	77
T0502	6	2	1	70
T0503	49	2	1	63
T0504	10	2	1	49
T0505	32	1	1	50
T0506	30	2	1	36
T0507	43	2	1	60
T0508	5	1	0	-40
T0509	2	1	0	-37
T0510	9	1	1	88
T0511	0	2	0	-50
T0512	3	2	0	-93
T0513	19	2	1	100
T0514	44	2	1	42
T0515	13	2	0	-43
T0516	30	1	1	21
T0517	28	2	1	19
T0518	0	1	1	84
T0519	2	1	1	100
T0520	33	1	0	-89
T0521	44	2	1	10
T0522	10	2	1	80
T0523	23	2	0	-83
T0524	7	1	1	29
T0525	20	1	0	-52
T0526	31	1	1	79
T0527	43	2	1	40
T0528	38	1	0	-39
T0529	19	2	1	50
T0530	23	2	1	58
T0531	20	1	1	90
T0532	16	2	1	52
T0533	44	2	1	36
T0534	10	2	1	96
T0535	29	2	1	39
T0536	24	1	1	40
T0537	7	1	0	-78
T0538	0	1	0	-76
T0539	10	2	1	42
T0540	0	1	0	-28
T0541	14	2	0	-39
T0542	30	1	1	23
T0543	5	2	1	15
T0544	12	1	0	-25
T0545	17	1	1	33
T0546	14	2	1	91
T0547	43	2	1	20
T0548	36	2	1	46
T0549	38	2	0	-84
T0550	35	2	1	74
T0551	11	1	1	71
T0552	10	2	0	-37
T0553	45	1	1	87
T0554	40	1	0	-10
T0555	28	2	1	16
T0556	17	2	1	82
T0557	26	2	0	-66
T0558	41	1	1	50
T0559	1	2	1	60
T0560	48	2	1	61
T0561	17	2	1	69
T0562	26	1	1	29
T0563	48	1	1	63
T0564	48	1	1	14
T0565	21	1	1	82
T0566	15	2	0	-16
T0567	47	1	0	-42
T0568	39	1	1	82
T0569	4	1	0	-72
T0570	9	1	0	-44
T0571	22	2	1	12
T0572	45	2	1	29
T0573	49	1	0	-68
T0574	29	1	1	10
T0575	9	2	1	95
T0576	14	2	1	34
T0577	2	1	1	58
T0578	3	1	0	-37
T0579	31	1	1	86
T0580	9	1	1	97
T0581	35	1	0	-19
T0582	26	1	1	93
T0583	37	2	0	-32
T0584	17	2	1	52
T0585	9	2	1	16
T0586	6	1	0	-72
T0587	39	1	1	14
T0588	49	1	0	-60
T0589	39	2	1	88
T0590	34	2	1	29
T0591	9	1	0	-40
T0592	40	2	1	66
T0593	48	1	1	92
T0594	48	1	1	36
T0595	24	2	1	64
T0596	32	2	1	22
T0597	13	1	1	14
T0598	0	1	1	65
T0599	29	2	1	43
T0600	16	2	0	-97
T0601	28	1	0	-27
T0602	9	1	1	48
T0603	14	2	0	-42
T0604	2	2	0	-26
T0605	0	1	1	57
T0606	1	2	1	100
T0607	28	1	0	-21
T0608	26	1	1	84
T0609	30	2	1	46
T0610	45	1	1	85
T0611	17	2	1	40
T0612	27	2	0	-64
T0613	48	1	1	91
T0614	1	2	1	75
T0615	23	2	0	-84
T0616	9	1	1	32
T0617	15	1	0	-67
T0618	7	2	1	73
T0619	13	2	1	49
T0620	25	1	0	-15
T0621	8	2	1	40
T0622	24	1	1	81
T0623	21	1	1	42
T0624	11	1	1	11
T0625	4	2	1	31
T0626	14	1	1	35
T0627	47	1	1	44
T0628	14	1	1	29
T0629	30	2	0	-65
T0630	39	1	0	-14
T0631	48	2	1	70
T0632	17	1	0	-67
T0633	2	2	0	-69
T0634	9	1	1	31
T0635	11	2	1	18
T0636	27	1	0	-81
T0637	23	1	1	78
T0638	28	1	1	55
T0639	8	2	1	28
T0640	13	2	1	46
T0641	39	2	0	-77
T0642	0	1	1	54
T0643	42	2	1	92
T0644	10	2	0	-26
T0645	15	1	1	92
T0646	14	1	0	-10
T0647	13	1	1	79
T0648	34	1	1	19
T0649	36	2	0	-45
T0650	25	2	1	52
T0651	27	1	1	82
T0652	26	2	1	51
T0653	49	1	1	70
T0654	32	1	1	99
T0655	33	1	1	31
T0656	22	2	1	92
T0657	4	2	1	35
T0658	1	2	0	-53
T0659	36	1	1	78
T0660	33	1	1	20
T0661	26	1	0	-65
T0662	5	1	0	-12
T0663	27	1	1	37
T0664	16	1	1	99
T0665	5	1	0	-46
T0666	9	1	1	91
T0667	27	1	1	20
T0668	7	1	1	27
T0669	7	1	1	57
T0670	33	2	1	75
T0671	47	1	1	98
T0672	15	2	1	88
T0673	40	1	0	-34
T0674	30	2	1	90
T0675	17	1	0	-44
T0676	23	1	1	92
T0677	41	1	1	96
T0678	6	2	0	-16
T0679	21	2	1	93
T0680	46	1	1	97
T0681	36	1	1	43
T0682	43	1	1	45
T0683	45	2	1	37
T0684	36	2	1	68
T0685	3	1	1	72
T0686	32	1	1	31
T0687	25	2	1	33
T0688	18	1	0	-14
T0689	23	2	0	-21
T0690	46	2	1	39
T0691	11	2	0	-13
T0692	18	1	0	-29
T0693	3	2	1	15
T0694	25	1	1	30
T0695	33	1	0	-11
T0696	23	2	1	31
T0697	29	1	1	93
T0698	22	1	1	19
T0699	12	1	1	32
T0700	19	1	0	-48
T0701	14	2	1	64
T0702	48	1	1	17
T0703	16	1	0	-34
T0704	41	1	1	10
T0705	36	2	0	-80
T0706	26	1	1	80
T0707	38	1	1	40
T0708	32	1	0	-98
T0709	12	2	1	42
T0710	34	1	1	30
T0711	48	2	1	88
T0712	46	1	1	16
T0713	21	1	1	72
T0714	2	2	1	79
T0715	36	1	1	54
T0716	47	1	1	66
T0717	23	1	0	-12
T0718	28	2	0	-36
T0719	9	1	1	29
T0720	1	1	0	-11
T0721	25	1	0	-12
T0722	30	2	1	34
T0723	36	2	1	85
T0724	40	1	0	-16
T0725	43	1	1	23
T0726	6	1	1	43
T0727	6	1	1	46
T0728	26	2	1	14
T0729	0	1	0	-38
T0730	2	1	1	50
T0731	46	1	1	99
T0732	25	2	0	-45
T0733	48	1	1	99
T0734	21	1	0	-48
T0735	48	2	1	91
T0736	15	2	1	60
T0737	12	1	0	-14
T0738	22	1	1	42
T0739	3	2	1	18
T0740	49	2	1	89
T0741	44	1	1	75
T0742	14	1	1	72
T0743	28	2	1	51
T0744	11	2	1	98
T0745	8	1	1	89
T0746	26	1	0	-13
T0747	30	1	0	-42
T0748	25	1	1	15
T0749	7	2	0	-39
T0750	3	1	0	-75
T0751	35	1	1	49
T0752	18	1	1	14
T0753	3	2	0	-10
T0754	6	2	1	20
T0755	38	2	1	36
T0756	31	1	1	96
T0757	46	1	1	31
T0758	43	2	0	-14
T0759	3	2	1	18
T0760	45	1	1	58
T0761	41	2	0	-35
T0762	17	1	1	50
T0763	13	1	0	-17
T0764	21	2	1	26
T0765	29	1	1	97
T0766	17	2	0	-44
T0767	14	2	1	27
T0768	37	1	0	-12
T0769	16	2	1	62
T0770	34	2	1	77
T0771	29	1	0	-11
T0772	27	2	1	44
T0773	15	1	1	47
T0774	29	1	1	33
T0775	4	1	1	28
T0776	10	1	1	48
T0777	19	2	1	17
T0778	24	2	1	22
T0779	6	2	1	25
T0780	3	1	0	-39
T0781	42	2	0	-15
T0782	26	1	1	26
T0783	48	1	0	-18
T0784	9	2	0	-43
T0785	4	1	1	60
T0786	12	1	1	72
T0787	30	1	0	-13
T0788	10	2	1	70
T0789	32	1	1	77
T0790	11	2	1	53
T0791	10	1	1	34
T0792	2	2	0	-49
T0793	33	1	1	90
T0794	10	2	1	37
T0795	17	1	0	-10
T0796	47	2	1	51
T0797	12	2	0	-14
T0798	26	2	1	50
T0799	21	2	1	81
T0800	1	2	0	-20
T0801	8	1	1	69
T0802	25	2	1	76
T0803	49	2	1	46
T0804	15	1	1	72
T0805	6	2	1	31
T0806	30	2	1	11
T0807	6	2	1	65
T0808	41	1	1	65
T0809	32	1	0	-17
T0810	40	2	0	-27
T0811	20	1	1	21
T0812	34	1	0	-42
T0813	30	2	0	-23
T0814	33	2	1	92
T0815	48	2	1	76
T0816	38	1	0	-28
T0817	2	2	1	85
T0818	16	1	1	57
T0819	24	2	1	83
T0820	21	2	1	25
T0821	48	2	0	-19
T0822	32	2	1	61
T0823	2	1	1	28
T0824	3	2	0	-25
T0825	3	2	1	99
T0826	28	2	0	-27
T0827	18	1	1	95
T0828	0	1	1	51
T0829	17	1	0	-11
T0830	2	2	1	42
T0831	8	2	1	71
T0832	11	1	1	45
T0833	45	1	1	39
T0834	48	2	1	90
T0835	26	1	1	77
T0836	1	1	1	51
T0837	33	2	1	25
T0838	48	1	0	-18
T0839	0	2	1	54
T0840	5	2	1	28
T0841	11	1	0	-14
T0842	35	2	0	-21
T0843	20	2	1	49
T0844	41	1	1	72
T0845	26	2	0	-50
T0846	44	1	1	42
T0847	38	1	1	46
T0848	14	1	1	15
T0849	35	2	1	34
T0850	27	2	1	14
T0851	18	1	1	95
T0852	20	1	1	28
T0853	38	1	0	-10
T0854	8	1	1	90
T0855	20	2	0	-28
T0856	2	2	1	51
T0857	42	1	1	21
T0858	40	1	0	-19
T0859	4	1	1	14
T0860	12	2	1	94
T0861	14	1	1	76
T0862	39	1	1	19
T0863	24	2	1	51
T0864	44	2	1	14
T0865	19	1	1	81
T0866	25	1	1	43
T0867	29	1	1	80
T0868	9	2	0	-18
T0869	48	2	0	-22
T0870	49	1	1	41
T0871	49	2	0	-22
T0872	43	1	0	-30
T0873	12	2	1	56
T0874	32	2	1	38
T0875	3	1	0	-11
T0876	48	1	1	96
T0877	35	2	1	11
T0878	27	2	1	14
T0879	27	2	1	33
T0880	28	1	0	-12
T0881	7	2	1	72
T0882	9	1	1	54
T0883	33	1	0	-30
T0884	37	2	1	62
T0885	33	2	0	-14
T0886	32	1	1	52
T0887	47	2	1	81
T0888	49	1	0	-10
T0889	13	2	1	12
T0890	42	2	1	80
T0891	45	2	1	37
T0892	24	2	1	95
T0893	4	2	1	66
T0894	20	1	1	27
T0895	48	1	1	48
T0896	46	2	1	78
T0897	30	1	0	-17
T0898	5	2	0	-25
T0899	30	1	1	91
T0900	8	1	0	-14
T0901	28	1	0	-10
T0902	41	1	1	38
T0903	3	1	1	76
T0904	43	2	0	-11
T0905	32	2	1	78
T0906	38	1	1	15
T0907	40	2	1	16
T0908	20	2	1	30
T0909	6	2	0	-15
T0910	49	2	1	34
T0911	31	1	1	99
T0912	19	2	0	-44
T0913	5	1	1	35
T0914	3	1	0	-27
T0915	40	2	1	55
T0916	1	1	1	12
T0917	4	2	0	-11
T0918	19	2	1	93
T0919	42	1	1	20
T0920	18	2	1	18
T0921	4	2	1	28
T0922	24	2	1	23
T0923	27	2	1	64
T0924	15	1	1	93
T0925	46	1	1	64
T0926	5	2	0	-39
T0927	13	2	0	-25
T0928	9	1	1	73
T0929	31	1	0	-23
T0930	19	2	0	-33
T0931	21	2	1	32
T0932	42	2	1	72
T0933	45	2	0	-40
T0934	28	2	1	25
T0935	28	2	1	93
T0936	6	2	1	77
T0937	37	2	1	73
T0938	12	2	0	-53
T0939	39	1	1	40
T0940	9	2	1	68
T0941	6	2	0	-29
T0942	14	1	1	69
T0943	14	1	0	-12
T0944	5	2	1	14
T0945	39	1	1	28
T0946	3	2	0	-40
T0947	47	2	1	53
T0948	39	2	0	-20
T0949	11	2	1	53
T0950	40	2	1	32
T0951	39	2	0	-30
T0952	18	2	1	80
T0953	23	1	1	14
T0954	31	1	1	91
T0955	9	2	1	67
T0956	35	2	1	45
T0957	23	1	1	91
T0958	41	2	1	77
T0959	8	1	1	26
T0960	6	2	0	-37
T0961	12	1	0	-19
T0962	10	1	1	75
T0963	8	1	0	-10
T0964	17	1	0	-18
T0965	38	1	1	99
T0966	14	2	1	10
T0967	19	1	0	-19
T0968	16	2	1	77
T0969	36	1	1	97
T0970	43	1	1	42
T0971	2	2	1	60
T0972	18	2	0	-22
T0973	15	1	1	30
T0974	32	2	1	30
T0975	11	2	0	-39
T0976	37	1	1	39
T0977	49	2	0	-38
T0978	18	2	1	74
T0979	40	1	1	51
T0980	49	2	0	-45
T0981	35	1	1	20
T0982	32	2	1	33
T0983	4	1	1	78
T0984	8	2	1	29
T0985	43	1	1	70
T0986	36	1	1	39
T0987	31	2	1	33
T0988	13	2	1	45
T0989	9	2	0	-50
T0990	34	1	0	-18
T0991	4	2	1	16
T0992	48	1	0	-74
T0993	21	1	0	-23
T0994	12	1	1	60
T0995	8	2	1	97
T0996	22	1	0	-12
T0997	39	2	1	10
T0998	10	2	1	68
T0999	32	1	1	49
T1000	14	2	1	82
